0x1870000 Pos : %.1f , %.1f , %.1f
08000000 01870000 0000006F 00000050
08000000 01870008 00000020 00000073
08000000 01870010 00000020 0000003A
08000000 01870018 0000002E 00000025
08000000 01870020 00000066 00000031
08000000 01870028 0000002C 00000020
08000000 01870030 00000025 00000020
08000000 01870038 00000031 0000002E
08000000 01870040 00000020 00000066
08000000 01870048 00000020 0000002C
08000000 01870050 0000002E 00000025
08000000 01870058 00000066 00000031
04000000 01870060 00000000

0x1870070 Fps : %d
08000000 01870070 00000070 00000046
08000000 01870078 00000020 00000073
08000000 01870080 00000020 0000003A
08000000 01870088 00000064 00000025
04000000 01870090 00000000

0x18700A0 OnGround
08000000 018700A0 0000006E 0000004F
08000000 018700A8 00000072 00000047
08000000 018700B0 00000075 0000006F
08000000 018700B8 00000064 0000006E
04000000 018700C0 00000000

0x18700D0 [Flying]
08000000 018700D0 00000046 0000005B
08000000 018700D8 00000079 0000006C
08000000 018700E0 0000006E 00000069
08000000 018700E8 0000005D 00000067
04000000 018700F0 00000000

0x1870130 [Sneaking]
08000000 01870130 00000053 0000005B
08000000 01870138 00000065 0000006E
08000000 01870140 0000006B 00000061
08000000 01870148 0000006E 00000069
08000000 01870150 0000005D 00000067
04000000 01870158 00000000

0x1870160 [Sprinting (%ls)]
08000000 01870160 00000053 0000005B
08000000 01870168 00000072 00000070
08000000 01870170 0000006E 00000069
08000000 01870178 00000069 00000074
08000000 01870180 00000067 0000006E
08000000 01870188 00000028 00000020
08000000 01870190 0000006C 00000025
08000000 01870198 00000029 00000073
08000000 018701A0 00000000 0000005D

0x18701B0 Toggled
08000000 018701B0 0000006F 00000054
08000000 018701B8 00000067 00000067
08000000 018701C0 00000065 0000006C
08000000 018701C8 00000000 00000064

0x18701D0 Key Held
08000000 018701D0 00000065 0000004B
08000000 018701D8 00000020 00000079
08000000 018701E0 00000065 00000048
08000000 018701E8 00000064 0000006C
04000000 018701F0 00000000

0x1870200 |
08000000 01870200 00000000 0000007C

0x1870210 %d
08000000 01870210 00000064 00000025
04000000 01870218 00000000

0x1870220
08000000 01870220 00000000 00000053
08000000 01870228 00000000 00000000
08000000 01870230 00000035 00000031
08000000 01870238 00000000 00000000
08000000 01870240 00000030 00000033
08000000 01870248 00000000 00000000
08000000 01870250 00000057 00000053
08000000 01870258 00000000 00000000
08000000 01870260 00000030 00000036
08000000 01870268 00000000 00000000
08000000 01870270 00000035 00000037
08000000 01870278 00000000 00000000
08000000 01870280 00000000 00000057
08000000 01870288 00000000 00000000
08000000 01870290 00000030 00000031
08000000 01870298 00000000 00000035
08000000 018702A0 00000032 00000031
08000000 018702A8 00000000 00000030
08000000 018702B0 00000057 0000004E
08000000 018702B8 00000000 00000000
08000000 018702C0 00000035 00000031
08000000 018702C8 00000000 00000030
08000000 018702D0 00000036 00000031
08000000 018702D8 00000000 00000035
08000000 018702E0 00000000 0000004E
08000000 018702E8 00000000 00000000
08000000 018702F0 00000039 00000031
08000000 018702F8 00000000 00000035
08000000 01870300 00000031 00000032
08000000 01870308 00000000 00000030
08000000 01870310 00000045 0000004E
08000000 01870318 00000000 00000000
08000000 01870320 00000034 00000032
08000000 01870328 00000000 00000030
08000000 01870330 00000035 00000032
08000000 01870338 00000000 00000035
08000000 01870340 00000000 00000045
08000000 01870348 00000000 00000000
08000000 01870350 00000038 00000032
08000000 01870358 00000000 00000035
08000000 01870360 00000030 00000033
08000000 01870368 00000000 00000030
08000000 01870370 00000045 00000053
08000000 01870378 00000000 00000000
08000000 01870380 00000033 00000033
08000000 01870388 00000000 00000030
08000000 01870390 00000034 00000033
08000000 01870398 00000000 00000035

0x18703A0 CPS : %d
08000000 018703A0 00000050 00000043
08000000 018703A8 00000020 00000053
08000000 018703B0 00000064 00000025
08000000 018703B8 00000025 0000003A
08000000 018703C0 00000000 00000064

0x18703D0 int ZR cps
0x18703E0 int ZL cps
0x18703F0 ArmorItem 

0x1870400 Keystrokes
08000000 01870400 00000000 00000057
08000000 01870408 00000000 00000041
08000000 01870410 00000000 00000053
08000000 01870418 00000000 00000044
08000000 01870420 0000004D 0000004C
08000000 01870428 00000000 00000042
08000000 01870430 0000004D 00000052
08000000 01870438 00000000 00000042

0x1870400 : W
0x1870408 : A
0x1870410 : S
0x1870418 : D
0x1870420 : LMB
0x1870430 : RMB

0x1870440 float AD input 
0x1870448 float WS input

0x1870444 float -0.1
0x187044C float 0.1
04000000 01870444 BDCCCCCC
04000000 0187044C 3DCCCCCC

0x1870450 [%.2f blocks]
08000000 01870450 00000025 0000005B
08000000 01870458 00000032 0000002E
08000000 01870460 00000020 00000066
08000000 01870468 0000006C 00000062
08000000 01870470 00000063 0000006F
08000000 01870478 00000073 0000006B
08000000 01870480 00000000 0000005D

0x1870490 : entity

0x18704A0 : %.2f m/s
08000000 018704A0 0000002E 00000025
08000000 018704A8 00000066 00000032
08000000 018704B0 0000006D 00000020
08000000 018704B8 00000073 0000002F
04000000 018704C0 00000000

0x18704C4 : ID changer frag
0x18704C8 : [L] %ls
08000000 018704C8 0000004C 0000005B
08000000 018704D0 00000020 0000005D
08000000 018704D8 0000006C 00000025
08000000 018704E0 00000000 00000073

0x18704F0 : Common/LunarSE.txt
08000000 018704F0 0000006F 00000043
08000000 018704F8 0000006D 0000006D
08000000 01870500 0000006E 0000006F
08000000 01870508 0000004C 0000002F
08000000 01870510 0000006E 00000075
08000000 01870518 00000072 00000061
08000000 01870520 00000045 00000053
08000000 01870528 00000074 0000002E
08000000 01870530 00000074 00000078
04000000 01870538 00000000

0x1870A00 wstringtemp
0x1870ED0 fps cal
0x1870F00 swprintftemp